{"columns": ["const", "torso_angle", "body_height", "forward_step", "hand_height", "body_angle"], "data": [[0.0773584412687708, -0.005777162628133727, 0.01393248865427075, 0.02581232172196849, -0.00174389208377153, 0.004938659291752659], [-0.005777162628133727, 0.1305735182914593, 0.020749272396274, 0.006842015960935472, 0.007176160564687887, -0.06242050139303896], [0.01393248865427075, 0.020749272396274, 0.09432022694525996, -0.003265307962179183, -0.027413238412221774, 0.01076949606110388], [0.02581232172196849, 0.006842015960935472, -0.003265307962179183, 0.1063994389366518, 0.006102016618527759, -0.006025286313377944], [-0.00174389208377153, 0.007176160564687887, -0.027413238412221774, 0.006102016618527759, 0.0842561844417282, 0.01953289553378325], [0.004938659291752659, -0.06242050139303896, 0.01076949606110388, -0.006025286313377944, 0.01953289553378325, 0.10591109889685475]]}