{"columns": ["const", "torso_angle", "body_height", "forward_step", "hand_height", "body_angle", "Dominant_side_0", "Dominant_side_1"], "data": [[24263130102664.945, 0.03016043214103427, 0.02811477254108988, 0.011992954834388357, 0.0025574158773979346, -0.020181576790218363, -24263130102664.895, -24263130102664.863], [0.03016043214103427, 0.13236806937504636, 0.02398138598651375, 0.008547122270287602, 0.00802451462243758, -0.06425937255747392, -0.030395793133194654, -0.051420799947277225], [0.02811477254108988, 0.02398138598651375, 0.09743736574323306, -0.0019062823045283383, -0.026107349819650814, 0.013330073352057388, -0.01878771539983585, 0.004911103482860803], [0.011992954834388357, 0.008547122270287602, -0.0019062823045283383, 0.10970541581955, 0.007457533606201473, -0.007512060968683035, 0.01684316678223928, 0.009146916204837444], [0.0025574158773979346, 0.00802451462243758, -0.026107349819650814, 0.007457533606201473, 0.08660097545695347, 0.01811833749430598, -5.3326527891861975e-05, -0.017072719059428136], [-0.020181576790218363, -0.06425937255747392, 0.013330073352057388, -0.007512060968683035, 0.01811833749430598, 0.10954184980271257, 0.018249192134934332, 0.049051282029149004], [-24263130102664.895, -0.030395793133194654, -0.01878771539983585, 0.01684316678223928, -5.3326527891861975e-05, 0.018249192134934332, 24263130102664.938, 24263130102664.83], [-24263130102664.863, -0.051420799947277225, 0.004911103482860803, 0.009146916204837444, -0.017072719059428136, 0.049051282029149004, 24263130102664.83, 24263130102665.105]]}